1 0.485597 0.221193 0.197531 0.072016
1 0.660494 0.318930 0.164609 0.111111
1 0.344650 0.391975 0.084362 0.063786
1 0.807613 0.520576 0.121399 0.119342
1 0.766461 0.719136 0.121399 0.117284
1 0.685185 0.627572 0.111111 0.098765
1 0.663580 0.875514 0.117284 0.113169
1 0.403292 0.494856 0.374486 0.187243
1 0.334362 0.635802 0.216049 0.094650
1 0.523663 0.611111 0.154321 0.094650
1 0.182099 0.777778 0.113169 0.119342
1 0.310700 0.842593 0.193416 0.137860
1 0.513374 0.819959 0.084362 0.100823
1 0.560700 0.717078 0.236626 0.084362