1 0.054527 0.601852 0.109053 0.133745
1 0.080247 0.304527 0.131687 0.131687
1 0.381687 0.278807 0.137860 0.125514
1 0.482510 0.297325 0.084362 0.063786
1 0.393004 0.689300 0.185185 0.218107
1 0.620370 0.526749 0.351852 0.127572
1 0.692387 0.425926 0.080247 0.065844
1 0.893004 0.534979 0.090535 0.111111
1 0.657407 0.626543 0.187243 0.104938
1 0.861111 0.651235 0.063786 0.092593
1 0.547325 0.757202 0.082305 0.156379
1 0.369342 0.900206 0.117284 0.084362
1 0.247942 0.794239 0.067901 0.057613
1 0.113169 0.809671 0.045267 0.051440
1 0.092593 0.931070 0.090535 0.067901