1 0.426955 0.182099 0.121399 0.133745
1 0.326132 0.365226 0.121399 0.113169
1 0.549383 0.295267 0.065844 0.088477
1 0.732510 0.199588 0.176955 0.160494
1 0.610082 0.479424 0.393004 0.152263
1 0.296296 0.624486 0.111111 0.121399
1 0.433128 0.708848 0.100823 0.088477
1 0.396091 0.854938 0.104938 0.109053
1 0.654321 0.558642 0.185185 0.104938
1 0.483539 0.617284 0.176955 0.090535
1 0.588477 0.698560 0.156379 0.104938
1 0.524691 0.788066 0.144033 0.131687
1 0.760288 0.751029 0.179012 0.255144
1 0.593621 0.947531 0.228395 0.092593