1 0.248971 0.135802 0.156379 0.144033
1 0.507202 0.185185 0.158436 0.148148
1 0.127572 0.503086 0.139918 0.150206
1 0.355967 0.698560 0.148148 0.323045
1 0.218107 0.782922 0.041152 0.039095
1 0.052469 0.937243 0.096708 0.080247
1 0.015432 0.657407 0.030864 0.137860
1 0.286008 0.951646 0.086420 0.096708
1 0.443416 0.946502 0.059671 0.057613
1 0.452675 0.812757 0.111111 0.094650
1 0.559671 0.671811 0.074074 0.096708
1 0.600823 0.522634 0.320988 0.213992
1 0.734568 0.369342 0.049383 0.059671
1 0.804527 0.340535 0.037037 0.047325
1 0.797325 0.644033 0.084362 0.164609