1 0.463992 0.175926 0.244856 0.195473
1 0.223251 0.137860 0.006173 0.008230
1 0.195473 0.121399 0.135802 0.135802
1 0.300412 0.040123 0.049383 0.039095
1 0.476337 0.027778 0.055556 0.047325
1 0.380658 0.027778 0.028807 0.055556
1 0.208848 0.263374 0.129630 0.074074
1 0.099794 0.402263 0.150206 0.133745
1 0.085391 0.549383 0.170782 0.144033
1 0.484568 0.844650 0.076132 0.080247
1 0.297325 0.980453 0.059671 0.039094
1 0.393004 0.818930 0.082305 0.127572
1 0.364198 0.646091 0.127572 0.181070
1 0.599794 0.541152 0.298354 0.172840
1 0.669753 0.438272 0.059671 0.090535
1 0.596708 0.712963 0.181070 0.146091
1 0.818930 0.647119 0.065844 0.141975
1 0.766461 0.794239 0.084362 0.094650