1 0.601852 0.486626 0.393004 0.141975
1 0.485597 0.211934 0.131687 0.098765
1 0.333333 0.354938 0.135802 0.117284
1 0.613169 0.371399 0.106996 0.088477
1 0.225309 0.585391 0.104938 0.170782
1 0.408436 0.641975 0.174897 0.176955
1 0.639918 0.588477 0.279835 0.106996
1 0.736626 0.807613 0.131687 0.137860
1 0.849794 0.716049 0.098765 0.094650
1 0.509259 0.790123 0.117284 0.189300
1 0.422840 0.901235 0.088477 0.098765
1 0.307613 0.769547 0.076132 0.094650
1 0.053498 0.922840 0.094650 0.154320
1 0.202675 0.953704 0.080247 0.076132
1 0.958848 0.894033 0.082304 0.067901