1 0.523663 0.202675 0.109053 0.141975
1 0.638889 0.347737 0.117284 0.106996
1 0.438272 0.494856 0.316872 0.146091
1 0.394033 0.372428 0.129630 0.094650
1 0.706790 0.569959 0.100823 0.094650
1 0.262346 0.742798 0.203704 0.168724
1 0.345679 0.598765 0.181070 0.069959
1 0.510288 0.599794 0.135802 0.067901
1 0.443416 0.793210 0.055556 0.059671
1 0.393004 0.920782 0.106996 0.059671
1 0.603909 0.661523 0.113169 0.113169
1 0.471193 0.672840 0.106996 0.078189
1 0.525720 0.752058 0.146091 0.109053
1 0.644033 0.766461 0.135802 0.080247
1 0.537037 0.888889 0.098765 0.061728